-0.55613067478
1.8577533443 31.9897134311 32.7922253698
1.1571483595 13.9730502249 12.977711894
5.42094035093 15.6948930115 7.47782830932
-5.37461424608 1.80267200115 6.64847294579
1.01803599894 22.0291573454 3.33586226794
-4.44234603152 31.6243406135 7.56153561664
0.497901413731 24.4618020656 3.43603772663
-4.27702777314 32.7117068832 7.59108626053
3.4640369647 48.2853173834 15.2671829771
4.49204645237 47.3076274428 7.27047452657
-0.292574473234 38.4969328039 1.59824145343
4.11147956844 48.1522258306 5.84717268267
-2.69130737456 58.8854562259 5.02636918178
0.963226215836 54.7602682432 1.47101837146
-2.69178912693 60.9579766213 1.70739033461
3.87867146883 15.2663812056 6.47689362323
