9.908343352426868 9.3023885329
1.5839521801654755 4.81872151633
9.599198847474597 11.2461860648
28.863082583142088 -3.89797908732
50.66038886376258 -5.27460815477
14.768353442662978 3.13574904635
24.342356240570176 -11.4419869809
25.177385093982238 -10.3275921516
5.2448965320752166 7.104002299
32.13122912352865 -1.86554035062
30.419126693076755 -3.51791002964
21.728564724984643 -11.321893257
21.80211938257878 -4.40088684859
33.26941033004705 0.889433964719
30.3164148935616 -3.5477820253
28.632946715281065 -8.53644066176
50.80184340083595 -10.3010515349
43.577198291573 5.34062304239
39.69543318490647 9.83581927233
8.011615564544243 10.9535198145
40.72111132485021 7.09231943099
48.12949796264087 -1.38877470727
8.392258730374017 6.95415534462
15.958835507911928 2.27618744486
38.576914172153366 6.95241553682
1.223996547372039 3.70757700382
50.064659917952014 -3.65769470352
30.152223456640385 -4.55971869362
13.317531695475587 4.87532385338
30.087104829922097 -4.76224322728
5.660338977051396 12.9162282741
52.910517462188984 -3.9204966549
50.510026791123266 -4.73289288697
12.669667764948954 9.34055869486
53.36520298920754 -8.08547415111
37.68796760458112 7.78611278668
53.14711279987995 -9.44185901475
51.091256608288155 -3.59074145214
13.022364090875747 9.82895084315
36.770773722454386 8.6160924161
58.163033462503726 -7.84535280269
28.11213889726293 -11.1312488472
9.87979691382511 9.73375561883
62.36431743506824 -3.69975657803
6.288484352494741 10.1730704879
2.8867051656444147 7.98760631954
13.634060075477024 5.77883326435
48.130775057322886 -0.479849401974
55.881909190037106 -10.8713444463
3.232894651993867 6.56219818562
13.776240273570082 6.23134593253
50.23748968334475 -2.3147107051
11.23046977262534 4.53098701318
12.147389638720384 5.10247931956
41.25617971024165 12.5643991675
14.557122663256301 7.51757598266
41.75211945567494 8.9901677175
9.444779201367986 9.67978642039
14.001704306103456 4.65401532396
29.272265209428355 -4.60431812682
17.113357825535047 -4.05626826554
12.837994696920482 6.82749436964
7.85920909295475 10.1282362307
38.65498604016498 10.3379813036
59.05218880996168 -4.61856624334
57.70320987327497 -7.51822599591
55.004782485642295 -11.0216564929
49.45987793417511 -5.01350538649
41.66941242740842 9.26062975755
47.473886284390986 2.48184820164
38.850499387568824 10.5950264717
14.804425851579978 4.47265781654
8.348490147784538 7.70031078466
1.5399450146347675 4.19739985846
59.273631182824914 -8.5623517661
48.78517393544047 -3.91314806478
47.17687955330569 4.11363828446
44.831363130631665 10.1564027615
62.02009131805766 -4.27926337909
14.121679805997083 1.62550965463
8.667682485176158 6.98833541783
43.704829522331444 12.7781311364
57.4627676853397 -12.3733272827
59.493321451628155 -8.98254123522
23.839847480221238 -13.4743660943
55.91437241090518 -10.3675369248
55.925924143594614 -11.5596026142
11.141458842631451 8.93530127776
7.212443953750565 9.41549155756
7.0056479932641835 10.0121801141
21.00939406935423 -9.91616925346
34.58980171296383 5.44405680508
3.794028186004965 9.31959013032
57.313653529091 -10.2187236838
14.885134266989738 2.79954255412
55.420672832048126 -8.35045081262
38.8156674829944 6.87883637028
8.363999740403308 6.76496099858
42.31950897939173 7.86099228114
33.63671045880854 3.978249187
25.2379760468147 -9.99658544384
29.034633397474458 -5.07918761839
55.53828455969877 -8.85658869196
45.24256775738773 4.19340885799
11.121547702340834 6.37929581927
9.097284969556561 9.51190146884
8.236668481510513 10.227864828
55.880897386029034 -9.92728720708
59.81009669382407 -8.80010979131
7.327186819853111 7.68301682285
59.7093595914422 -9.54688282361
63.835633007865376 -3.45909506904
2.782750883517302 4.08185729791
33.9657067474484 2.39392606702
50.385364104031 -3.46188330681
2.397412293953124 2.82392833266
22.562617097830618 -9.5865034311
35.32963645869477 3.0121785984
10.270228388361446 13.19355797
17.140740862283103 -2.51425366196
39.098419146290446 8.65846024488
1.5649186320780615 5.70576420673
62.19147880712525 -0.583009687321
13.844608818061474 3.39264949983
51.978122171466936 -6.52390450777
18.30641834823561 -5.06467144263
19.9798100288997 -7.25221623528
25.860579361163403 -6.82099456289
62.76867431573377 -0.0860051079685
34.848892177015884 3.77927121867
60.60298054339279 -4.65341039579
11.861577920072165 7.10280697581
28.737673424759322 -3.14239689977
18.188440151455723 -0.717421460521
36.33142165407835 7.21736478227
63.560703562098944 1.01180737727
28.416590355767504 -11.1862826575
7.181849401675457 6.21885314713
29.803379505471483 -3.90695085243
63.85464804314226 -3.48117172897
18.598213218740156 -4.58982004976
51.53917444080512 -5.07793547271
1.024314120621149 2.59080830976
47.22422857534935 0.391685512045
3.1932229017864415 5.85524298929
56.13360581585462 -8.01188096795
2.872029394395426 5.22067236644
10.138435760461341 8.18075664695
38.286502984771545 11.7363320238
28.868824726203187 -5.13079712955
21.753198227748392 -10.9365540814
60.41153948292351 -8.06710849293
18.594378366814524 -4.83359959411
3.2324620508104402 5.47191528762
26.843957737153374 -9.31484649907
32.23558760326047 -0.648621934789
52.514746898867465 -6.55407423902
42.4861765850319 8.85987903815
44.55931339995905 9.069667958
47.17786827836831 1.14695635513
27.32647586162964 -4.95393186802
53.898385755556 -11.0918771308
18.202852483109346 -4.70076845747
4.703387047151288 13.649136614
36.507645204069895 8.41947025452
3.3870741017913204 5.21121326251
24.532456804570472 -8.81641655613
55.22849875564106 -10.1358780382
62.78520047748411 0.177546828049
59.9460125682174 -6.55159954836
63.32122552882649 0.753156501485
22.123689406381395 -7.09983074127
26.84867054052001 -10.8561401206
53.41985204508654 -5.50283532666
6.641418229667998 11.0065050763
5.117701737965675 10.0388266198
58.87711379715098 -10.9463986223
54.442475773191674 -8.34804593589
42.448159651143655 7.32044004699
63.21191676494032 -1.29423975398
15.958849044948273 -1.83383438077
53.19706677526352 -7.47673433721
62.81339337009927 -3.48508011084
38.37336030022779 10.8321482666
4.65384180943996 4.16771266855
17.923667981293555 -7.91064478063
10.30027339893384 10.8933719728
44.774191132664214 4.13444204986
62.77472945828292 -5.1959142755
14.251739241319619 1.9625829492
38.45292320657791 10.7005855966
29.714990522096187 -6.36793125468
42.27519787768277 8.28765942026
36.162488249280536 6.39920920592
21.73974747735538 -8.24687200901
34.13254943539817 7.45877766542
14.633412001114216 3.79907902241
47.150938697223815 0.800392506582
4.766645525937996 9.73021180459
23.517326121275893 -8.3519262579
18.467774211505905 -6.09846850307
17.667135210486038 -1.74753368492
1.8855952160387375 4.05310337498
17.75406002216735 1.00019335724
25.854571453911575 -10.563691623
32.33595305048037 3.68506557302
21.344251766577933 -6.14213948626
62.65434299051752 -2.64076236813
52.54069209422897 -6.68116728902
17.735995663895693 -4.62385547105
35.54922854160753 9.70644333701
59.36109875448808 -8.64814511507
37.02217922290711 7.86878585847
51.9843677506323 -7.21539211549
63.5404042251147 -2.48696029853
60.05710275059185 -5.93882681552
24.15915692249208 -12.7645464206
41.8578211399623 6.56092426189
45.68326700144335 4.60241887992
13.730960247712723 5.12471650692
6.595067888064875 7.79508008158
34.796521923193545 5.32341332742
38.26367452168744 12.1182640622
22.863780843998292 -7.05310375003
62.64897704222223 -3.06339815956
24.004127316698003 -11.1070283261
0.6022855585113405 -0.358283218235
21.70188318116186 -10.1623967935
22.93844080731605 -9.22319044998
3.0510710747115013 3.16608285853
38.25805156656898 12.0206478473
41.94858035940572 9.3654772514
6.680753986303657 9.35943412726
30.37811462211492 -2.30575763143
54.078295861462095 -7.05902720037
52.55625538519985 -7.20995925725
21.443901844441754 -10.5587218158
35.84251561792395 4.63316592592
63.890798203922216 -0.257906603984
46.9853463633029 -0.552755001327
7.588132453080995 9.74742352676
33.962511362076825 8.41899922197
49.15040876821515 0.0414503124422
37.05092525198508 8.13850092531
51.83440503583942 -9.74588324976
7.663458958704396 9.70432163883
6.273820241126323 9.66283349107
35.98480547570711 10.8369951763
47.92632164099585 -1.27027634716
63.56930437873938 0.837517451739
2.47887900826116 1.83599481456
44.508691918210275 7.35953965303
32.72740300827418 4.23098683805
25.967225829033573 -9.59153727804
1.2486173321506016 1.40270895579
54.77356764619615 -9.60778661156
41.75644626598278 12.0173192024
41.803783160172614 11.102024531
11.039373409054669 11.9424123714
31.09275123637181 -1.82015906694
44.24122393151336 5.8845230984
3.431114686567078 6.61318889895
60.76672211704441 -6.02744934191
53.82897248914538 -7.90154860514
46.05397281951365 5.4470390514
35.22494136085296 7.63117409375
34.87929057889969 6.82601695216
41.14634366442172 10.4245418526
6.09970187680679 7.79277140942
60.226970895553464 -8.57240649102
12.731404442000667 7.61699848486
8.630894245662716 9.56595942448
14.981736776638606 0.495918739704
35.12613933893579 4.81747301683
27.273505432368637 -5.59761046828
50.09304807475147 -3.74625187289
47.601792392968434 2.68068413862
47.4291896468809 2.97057874786
5.684739409616 11.5059213557
62.79656079524258 -1.42812889437
54.164077977842034 -8.15347899106
42.70608639865181 12.2511226152
56.46568768684082 -10.9152324865
53.52532498268468 -12.610842274
35.26089156701016 6.95958390872
40.3661362831098 12.1229615
36.8583045274287 9.09473898836
62.732009399204166 -3.76487459755
49.8051833548342 -3.66971492768
39.116380163786644 8.67019690769
33.784362742432634 0.928420069045
40.179075992495484 12.4097809788
49.77052468916516 -3.99513390145
45.73943414209842 6.28077272104
5.082631493174752 5.63230452068
16.737852703144824 -0.33503812917
51.20156231339203 -9.66229629022
4.192187486078453 6.93183466986
43.892805037600205 9.71260102703
52.97780804591859 -5.84421554376
32.59982407255722 1.33045129747
54.649701122247556 -11.5320169836
30.872163195115178 -1.9967267354
1.6363076055349026 -2.82500410031
37.90065973771835 10.5889024564
43.934528534089054 6.29144698234
59.048615310876016 -6.97632700536
34.485842338499474 4.46769018754
3.2036803204502036 7.8378438105
22.984941895090742 -8.27096127683
1.3361071041853023 0.490235016415
62.06738976327458 -3.17274419148
47.7932504572398 1.2793811532
44.31920591710431 8.72126065312
27.0813938687662 -8.74800473015
40.41198967359409 9.37262361338
37.89162417606483 10.8604585036
57.752176654495074 -11.0267205056
40.49691453907161 8.85072307027
45.50859865966856 4.56714986014
3.6172989952675962 8.78976621754
6.3901281307137765 9.78830604753
33.33860956192885 3.04818908105
15.64754030751537 -2.92189946546
55.68552659921175 -4.16484980893
22.226342032147222 -10.0194933127
9.173647866144876 8.72605892581
50.222487254964975 -3.0834094109
4.800779281332623 5.70162048556
53.777311562836836 -10.8852709231
7.309686700144319 9.12328788342
56.485843992615024 -9.05750165231
54.17663074751139 -8.19270494871
63.06902041370501 -1.74581688759
49.761008753732035 -4.04576295099
4.282042992810396 10.3646629876
41.29894113164025 12.4261316351
48.58249186869283 -2.88235577937
17.827850016492192 -4.08132136648
24.83415186609536 -9.38963756483
39.80005567669963 9.47352367415
39.955227991721436 9.73416263718
51.99564455948449 -9.52762615476
32.32799809056793 0.968353482716
33.21609731356762 3.62415972558
46.12924985971223 2.57455490317
53.37203153862915 -7.18729382558
43.83767272958002 6.52542951172
2.346769939502934 6.38258284769
63.9694152720145 -4.7585641245
29.747169762398087 -2.6363905739
1.2412830156730976 2.4166026315
20.506261637820494 -9.70748097432
34.18600155885384 5.03489107644
63.34598642775957 -0.809730512783
46.51176906870562 2.90098685338
26.51194000283605 -9.1083186327
18.517657751566766 -4.46583560278
56.6686869601779 -7.46992516577
50.04521970758778 -4.41150624126
13.740220672797577 5.46153589945
20.515713581244682 -8.98600297535
50.99497775240253 -7.21875665129
14.885663252661764 5.36507523277
51.51518802165111 -10.0227432921
22.2678419590873 -9.88143031646
40.05864373583332 11.1188028414
1.8729762994597934 1.10396631793
39.72212751292794 9.22342581509
57.67429290610854 -10.7867575037
56.091710531421995 -11.4775328358
38.82888634561923 9.79953330538
3.6987941612067274 6.76153096687
61.119805480542844 -3.29097930765
31.341925549625977 -0.92104946938
54.70958336451594 -6.11770870475
7.981832057182601 8.90093379448
5.699602477786989 6.55769798831
31.97618534674237 -0.23458752202
52.00261597247084 -6.75634174039
4.926369315723754 10.8158456564
40.06592476582956 12.0570570903
21.681788486524866 -9.52860825281
20.847680421829452 -8.17486494847
46.62327012139244 4.32881881503
39.424174547745125 6.75365038416
60.02251846783348 -6.51795115224
17.482412884805704 -1.97846190327
22.872824772177225 -10.5168547497
29.9094386358894 -5.3251102298
17.879805247146955 -3.28492402289
38.17953252261981 10.0389497991
39.55217200567917 11.5417255909
40.80745571845204 8.44011870951
25.69922498654531 -7.34268144262
49.73668514604853 -2.20465878167
24.536588117026767 -11.3457189928
38.20560186404217 9.07627619247
45.88325601781994 1.53879636394
5.12755520220712 11.0300719432
52.561163737173636 -9.09038295363
21.9682361862699 -7.39108389309
5.359472626550989 6.39590731814
44.25315814293939 4.93931127468
22.373248434148962 -4.95781874825
61.66038346928055 -2.64478052251
58.44701818834587 -7.03566863915
62.37456771590299 -4.56050281445
33.75772724446588 1.70870207322
55.54899367193973 -9.18745926533
5.301956689789677 7.31506877168
21.98320866238884 -9.81688849057
15.772985883783782 -1.41586587281
15.471666745509367 1.0525731092
18.869148101657906 -4.5231081851
46.001323411912935 4.31809525272
53.29895373726369 -8.44814642935
42.08500142421913 9.78384959037
43.74027974661388 5.35037357513
31.430040074727145 -1.10335956997
31.103016474796455 0.0977523415895
29.564165135371603 -6.07040472446
23.23255857802723 -9.28149383565
11.36433036772862 7.68838537802
18.815401077873894 -5.13937657484
30.15478789998862 -0.154432778432
26.402748392922398 -9.55713275929
36.97674377649514 6.42071139669
12.371926614701358 6.03288783247
6.325214916458059 8.94152306865
17.10607839486238 -1.34846437697
48.543579959000716 -0.767219709087
12.055880583764832 9.34708459992
3.022112344666077 5.27491871885
63.521118642132535 -1.40035971516
50.58969882265755 -6.70804653165
3.0095579766071054 2.32103292505
15.798175227760233 -0.345686466851
60.20789066501213 -8.42593244405
22.5249411321186 -15.2201723903
50.65664222829257 -5.64408838598
43.74814572570863 6.52144979495
24.839159190976524 -13.1089641492
11.64833689672166 5.29483558557
49.485406136750754 -4.3054591943
43.280398515005025 9.31854141728
45.425286794690074 4.92460795137
19.81492404258079 -6.12043715578
6.760809006853442 7.12888358926
13.19462032349658 6.05590437093
38.33105307969198 10.8937926887
24.977135890992905 -6.71535690884
58.54641744024628 -8.3196650487
36.80800217201498 8.04037168033
19.478842186670995 -5.54431412921
54.001386469611425 -13.230579559
0.525474419087324 1.27133442465
16.69116206842552 -0.388662603771
8.630610303744561 12.9647910188
49.927535193077375 -3.34590276102
17.67793999149793 -3.63393944163
22.429186135549443 -5.25870221676
24.585290369481697 -11.21335215
22.21039235531493 -10.9671063994
23.274125532403055 -13.2521910084
30.041815586074648 -3.23953848068
9.853905781780028 10.2906310631
26.083521543848008 -7.89861014994
26.81321294532438 -8.75980861529
20.59097684947765 -5.47108660245
6.863471088509904 11.3567332835
44.249580122942604 5.98134024853
51.5596275375308 -5.86796241293
40.77440833780465 15.9711974788
61.86785569866675 -4.89166076341
26.228040032779276 -9.23402387135
0.0749804322618246 1.38423612811
12.938063883324915 4.85304739112
8.796042794777797 7.93471716438
11.078030933068348 7.88410981244
29.047263497892388 -5.19563261594
40.383737139699676 6.59222854181
2.358516985980202 5.75908213379
39.9462513468775 9.84799904334
45.16602055458813 9.91965040817
47.443046022309844 -0.248582787095
42.293429840457435 10.6433027622
50.90427362363456 -4.04030311895
12.790301861730768 5.68182064084
24.73991306519993 -6.37587775254
20.68363932962356 -7.56967964696
59.85458714022153 -11.7765735502
61.445629641253 -5.68839958721
29.92273964388653 -5.79447178548
62.927759608063795 -2.43826198357
21.11821596094763 -5.86392942628
20.880300854933317 -6.3897710204
41.109217474459285 13.8550751655
57.11601313949802 -8.40935786626
2.814927024642607 3.1223700332
21.751559784636612 -8.19623930852
35.9766989814968 5.72284045287
40.846781107705205 7.62466158853
50.72502785501614 -4.60409970763
52.63042408160753 -9.14465628119
32.07766999163515 3.74329392259
46.50777156728352 4.75555719766
54.47272447779404 -10.5758752401
58.3964261378272 -8.01562358444
12.385647444779678 5.31305922675
5.39529779132662 7.73047817683
2.459803241587622 7.72317985235
28.913062861847493 -2.51632092246
20.33240875155289 -6.22689998414
56.769755257817984 -7.64015626381
57.720290611094605 -8.08000584025
57.53556846024118 -10.1997897305
15.463232398500338 1.64117253357
2.0830205458568187 1.9127479954
26.878290928405264 -7.04149135216
53.94719369625662 -7.80979523174
55.13718460303594 -11.9375731813
56.38089327759891 -10.4055867349
0.7987190064122345 3.39139132246
54.68328201947653 -6.86762058648
9.158145930764512 10.7787149905
63.54153762840713 -1.02574846747
16.436667922216856 -5.7428275157
2.505739505629748 4.96508736285
14.989612620876976 1.50430723063
22.059340315744237 -8.75957282444
20.914060035670317 -6.65460708374
24.32236147290564 -10.7752087699
29.906072386909123 -2.87690338112
21.301970671869455 -6.13411002087
63.1598935625371 -1.63091109415
49.89662428547574 -6.36767998934
26.092228583003 -10.5538375184
49.02676179428757 -1.90377380433
49.92835462394862 -4.03198844733
61.41776859407226 -3.72563971539
38.274368192948145 8.91073976651
20.866169388656374 -5.47647198124
29.637340655871654 -4.80367182564
52.19462146702455 -8.58242929613
43.56864163941966 8.41228014531
16.746880711588965 -1.62867956438
4.5315059781099905 10.786685399
35.802455611141085 7.41893575493
60.506438227600036 -6.27606209798
35.56843435620178 4.0894210372
59.356460534680984 -6.00267581264
20.643472661521592 -9.10509334691
37.61323315626982 11.4899738656
28.95983362640112 -2.00451199033
20.45227825034562 -7.73455272048
29.980040024284413 -2.97370520234
54.57630530922278 -10.1986501822
56.06251495609842 -12.6768331657
30.72276430253826 -3.86347637483
12.562271891280531 5.55927450372
22.443277854482346 -7.82172695276
16.12628748688438 2.11538742424
62.788786854035145 3.09254679889
25.455482062621492 -11.4533354948
46.50756013953312 1.84896147741
33.455835006312725 5.21333090635
7.150730392612836 7.07699847243
0.7603632524093413 4.68472825698
5.424357354194534 8.80170685648
47.108098736662896 0.607657296589
61.09816880630972 -3.3305609502
34.18406735364896 2.67135010767
15.982839741549917 -1.87048195334
1.5234003647844219 1.38092431112
23.778334445206454 -11.0970071689
10.15077617467292 12.6286004549
19.776329740135594 -8.98766981519
20.964344811823032 -5.28146539039
39.90697498285756 11.6040090999
57.289273654244866 -11.4900893736
44.728242164027584 6.51324915208
48.021599833669526 -1.57198257643
30.310087078694714 -5.7985904211
12.278974035347858 6.54536752125
14.255581968447729 4.55337981577
7.068840920231253 9.62995715375
5.301354529784177 10.1402476487
24.796125428219696 -8.83993191837
47.17998378456421 2.63698137949
12.06271727037305 6.55651502351
11.258660371829023 4.06857148967
58.01602045456862 -12.1989217874
0.048562154626594634 1.24089195203
39.283313685521854 9.71065446539
5.811944170516703 9.06767647434
42.76868625732677 4.48771917084
41.1027898387816 12.795132674
17.75941303561465 -3.22448405629
7.875624595815076 10.9954237363
7.568947628294836 7.53290696931
3.275414301636687 6.6965137683
40.878653953886754 12.8134070509
19.478656855379327 -8.41477399987
59.84316689210296 -4.46849249011
59.36692874290588 -7.59731988894
54.765370739977726 -5.0896816689
40.74405582761247 8.31483716589
63.12369308037805 -3.89199561652
57.48725790862262 -9.27495270528
29.263532312351423 -5.28907507986
16.047526398493574 1.7765109427
59.03464123787192 -8.16790325755
36.40944454747381 4.30547804929
54.806051463128014 -8.26939910881
14.72702184509317 2.82621639134
37.83102428835144 8.1234707534
2.103869422727648 7.94270685577
13.088044137887259 3.8618525969
42.99706495934902 8.74177203989
0.6863545492061789 -2.18398076029
13.305713897345044 4.98356936049
14.496784596315088 0.729272057537
15.892546028546526 1.49682032722
57.27923116013874 -8.39247319585
31.32027096227776 -3.59184775177
56.17789124938569 -11.7144390885
24.144575089357204 -10.3220470484
29.528700659703865 -6.42177872137
63.89164230205625 -1.81891385866
31.431370230823553 -2.07092316994
20.380695654875225 -4.2221665538
48.017733233262895 3.55911738065
39.85249691173307 9.07707944208
59.73454018363961 -9.59415429391
4.6990384694637015 7.61647575291
46.49647010278203 7.39917657522
40.98800655932691 12.0793597525
33.959565108290704 5.82061461393
24.912301687521264 -10.3203599246
42.68206967329948 9.15198270353
