640
38.52994876824802 9.620813389807912
61.03176524426205 -5.895956128123084
3.8241375439613847 6.850140018144121
5.8340315648565735 6.8069407522860885
50.66266515978161 -6.433614020958823
15.376674362877807 4.223530376663325
50.91096226225121 -6.526086572317105
59.2233745852494 -7.982831674440478
49.90074816785164 -2.56675985441089
43.81750856158787 7.011589060055418
10.225270335558818 7.451757736960513
42.73178906071259 7.4476673198714005
47.038778837741006 -1.4754752302891516
7.513433059252044 12.289174734255608
2.4168367379441023 5.016101873795382
54.228355952027265 -10.6623142680566
9.646625354865897 9.552069034272678
13.620425082458112 7.444490743206723
63.62889306624749 0.10960031981071183
39.6142747534252 10.120095557859251
44.88566526822266 5.08086452362774
19.702705689423496 -7.744374207777646
45.98037481494734 8.693722185754973
11.132461512240063 9.52837478107443
3.8176792014999847 4.514090175821266
15.928792120760228 -0.7163872375966253
27.019464257984225 -9.22138433048624
40.72784450025827 6.513760262716676
36.985975418150744 7.676685096531909
24.880735961250735 -9.657211581019293
61.06398663377937 -7.796071167060684
11.879256105637673 10.962906250939067
50.37003503802591 -4.713008806142032
32.33378276515057 0.9306094345211425
11.933394921350178 9.34637907238929
62.41390542437158 -5.869883791063408
32.954588688707254 2.2829827349601994
62.605269369632765 -6.535235108604846
11.798569588993594 6.042693440545246
54.448658701067394 -10.51078084572812
3.6542344183951556 5.632414101517831
27.73983840982691 -7.872974329356736
8.104395626073938 10.145155828684928
19.48116065088447 -5.765526992206948
3.162851892611684 7.960149166609025
4.967946741579489 7.464440131493037
45.04956352125815 5.470174006711593
8.690457666390778 7.514257009574806
39.3387193538513 10.091843181149864
48.648615700056475 -3.715610480731547
35.51223761156158 6.117625280881836
10.838828000668862 9.840240902063332
14.55547376940222 5.354232552915512
13.001917220499806 5.657386617114887
41.625544757786095 8.50560944335837
52.68158092664338 -7.167474500180853
2.367520293193614 3.8945028025598356
63.00158541335305 -2.481699143195148
45.07670504456052 5.218491780030156
34.995704540049054 5.0118414967803275
39.19130223635811 9.960711067525407
41.83282365659789 8.879144033634253
5.4716282185238185 5.61107334850252
47.09435975779596 2.1703964921783556
10.280599229833228 11.011583574814747
52.146522525171186 -7.698546844553423
9.483776391577493 10.034527210065876
18.09707467051792 -5.740753579674896
55.04628247002868 -11.26976531266709
45.15847399694179 6.980035786323773
8.619298908913628 10.05422745918739
47.418078901642716 2.350128721427622
51.994223790362554 -7.978831613692769
14.270737610475877 3.4095804000151073
55.025978601432485 -8.428026382337148
53.51807920901517 -9.959241559840354
34.24091086209091 4.45028893816253
9.978272033453905 9.291683606862303
42.115320418410754 9.118252912341125
21.137368458103936 -8.947874317683961
13.913090088366026 4.263800433793223
18.60842661088398 -6.777023689781216
21.677482584950695 -8.611605495731558
45.94986361269699 6.215077617724097
30.159913440406584 -4.284316776934865
39.33153358397985 10.691106449301802
17.32933307266626 -5.169101330126403
41.93986176567304 11.433035125587097
10.681226668045667 5.983768080873558
16.14325685060716 -0.2251147405439718
38.207074449927944 9.917579346198746
61.11263466194951 -5.111799514557057
23.63081374337719 -9.854323947427085
49.373534780153705 -0.4438335258889379
4.2221406813852695 6.007944891878546
32.91796045603954 0.04663777610809072
26.2165056529308 -8.297238388270785
8.229354230236218 9.209732558359434
35.105874486010904 7.098168495771888
52.041975324091 -7.391510131041005
3.2436079572555343 4.757889441938291
10.442644685671368 9.588629516883534
35.118323178975494 4.5861567492674284
5.27751849644995 6.929882894185294
57.860137069477695 -9.12703993477816
22.931432618840503 -8.567135294852985
55.045932593791676 -9.749568094133387
5.64844539730106 8.70357432997539
20.375952152042913 -9.568058830963238
12.605524975950118 6.689030981177968
0.34418621508491043 1.1834769121704984
60.63379414253579 -7.299587580477655
37.47459132643742 11.277757207763159
38.2795071954292 11.17251132320794
43.90061643791763 7.013710205873184
24.598289118064102 -9.090414750589732
4.116128848977034 7.133462516817798
47.825076171047755 -0.3080424121242572
26.342632522095748 -7.709914791975393
53.49503035825253 -8.852287479700706
52.781554389216836 -9.552436124941348
16.329283555130246 -2.2147012125098535
29.976755968374285 -4.590612710766362
49.72497670165135 -3.3854219160733097
59.767329962265364 -7.328170221085621
46.61945305806807 1.889672551056875
56.15026260581837 -9.949582104602392
48.993644661046666 -4.00517641666875
40.9972443151568 10.308882695369363
11.97155492125598 6.436623250642915
43.401821033619115 6.158751665006177
56.35356181047072 -7.88203398894264
44.2206070427997 6.860893811577959
22.839487815856224 -8.566099816486785
37.50457739481822 10.525204779761308
18.021427929663297 -5.433436032648406
41.858747532164934 8.25382492940285
53.3288668132858 -8.375528109532503
60.374699785296485 -5.81479167499681
1.1512679377742998 5.015950193300007
8.94284698305021 10.71319299027124
7.41499327146996 8.540909287694099
32.11984543656521 -0.12991620065623907
44.626913915895784 7.008829779064197
8.129202128823842 9.947585563941034
1.0207990897316606 2.3206696606736523
49.18768633780011 -1.0952948507978573
13.32627778328957 7.76623692647117
0.9967159777054135 3.3248496730022303
7.213067878757876 10.036938069109398
5.160792403660054 6.479857222570983
16.090282460612542 0.6243156782105157
31.035454287724853 -1.3856090170538808
43.287577429917505 7.975326386509918
35.23216348493677 4.887447152240119
46.09634161022286 3.460718941625217
5.273989878237892 8.022621592556328
63.35732530527988 -3.330920484587623
58.11803698109662 -10.667948125878485
43.94270638590504 6.1196658255038034
10.87801679865936 9.832634953168315
62.614687610921706 -3.079614155790529
48.93054101165676 -0.8282899171742001
27.588128016273814 -6.651423930522646
19.638798991859844 -5.428419062985018
33.57058683797551 1.55945444900133
22.43383178422871 -10.367847586138627
9.52532661581398 9.65143078031187
24.277104116339352 -9.14150779473722
62.38341696607528 -3.5325808068028746
36.67472250508353 8.48977425733996
18.499956465042196 -2.6952172364592255
13.103109145513962 4.996533582959442
35.19274426814064 4.7317985576056065
55.04862136687634 -9.168919218370611
25.92274010947441 -10.029682084391922
32.243964283116846 1.7799979922426536
4.384948757382688 9.893937112733576
28.308782803465945 -6.768757723832127
19.117515254950312 -5.802470849352384
43.395717526009825 9.12654728530747
17.204197280816857 -2.9468201428940106
6.591342596677116 10.926609617705472
21.49892491738523 -6.028826813680896
11.362915624585249 10.294439019833753
33.745074247795095 5.614910568522336
8.762733712457091 8.082412053213025
52.68865188860323 -8.30954906814295
50.17852630168943 -4.624396288716919
48.75013093524671 -4.071605750549028
17.839971737501124 -4.59926967280335
38.60727245531718 7.466159830949603
24.927214909337216 -11.576282059706
60.61728604425919 -5.2692562710318285
35.27462390955697 9.81246536967075
1.7521091339889665 4.723257518428416
23.84622127082492 -11.761889834445693
42.48147833635721 12.026110099355094
50.10705104533142 -1.900497388984291
25.364791364233312 -10.481634222327692
47.34992054369356 0.5877401403417986
33.08029433908845 3.482143212382516
42.471675938218006 9.730054703550227
58.432596221758565 -8.293212559508536
18.005632059009073 -5.237234445775522
63.69204104950547 -3.022218834513023
31.529312490024928 0.6709484055142915
31.431924205811086 -1.1775919545089744
12.879137759588822 5.88504951537543
35.84211087072576 7.873960948775632
50.91619472692785 -5.128582907765084
32.310037023911896 -3.7988577037103983
6.899735868758917 10.15961458400962
21.872619604308305 -8.206535825938694
14.837548245077194 1.9676070250430793
39.95510005453655 9.509634799797112
34.49482231298486 3.282463611994494
13.625326919705813 4.643750102465647
38.055683376971025 9.731973322691381
8.404491344490893 10.247026623588274
28.744001243205197 -5.2163721099125615
23.041393595589938 -10.393608488549127
21.302735774859812 -10.392910790623066
58.05311671852456 -10.222471923613867
15.407301882642948 2.3169539074098635
10.029676296922496 10.729868050182695
58.34552264846777 -9.741073474204471
8.493219007697064 11.037366261790092
63.17455255960107 -1.3392602549556902
6.96101347202282 14.166928486892505
50.76942574502712 -5.492938083450521
4.0408676912081845 8.082997335697637
10.298901082977466 9.494304846801576
58.77057025795481 -7.596250987515755
6.651388547301792 9.066260212116502
23.726848081195158 -7.628615455942423
52.86098330704214 -7.256694185868769
49.1591321781251 -3.353099092314246
6.599405187802532 9.500715656735867
53.4249064522098 -8.037313662147747
52.36452677448683 -5.996169279626088
16.673883240814902 -0.7996758034474255
5.828393497876398 7.728608797876403
6.540798404613945 10.37370768393718
5.120115355604369 7.490816607591567
34.419071904955 4.15995285750418
4.131525118199001 6.887382855225921
48.70009929956929 -2.104242357950858
55.24598997418435 -13.87088937956183
54.6117794508283 -12.327365655482383
12.125865798721186 5.773692681476609
37.32054191815432 6.094521871975052
14.044542900183345 5.165759177857836
26.35758359493102 -11.243278525103557
43.573789118668984 9.536217832026779
62.799565418912756 -1.6578673682946041
53.69971591263747 -12.952887129599208
54.35717333751407 -9.218385207355082
7.956030661015191 11.359841830505793
62.397309531445806 -3.3922247264716954
54.57588252017069 -11.840517504610343
19.695536688706248 -7.8493067163404895
46.88609897907536 3.819715605413804
14.364744995911558 3.2675583286357344
48.08036771652136 -1.8769250649242417
37.50839033298502 8.915207595388727
32.98519144349328 3.402169962985438
52.364002761878034 -8.413676722201316
46.48284780263465 3.6230933028598384
43.08085144409038 6.034074883908749
20.123125495207063 -8.135348770220983
27.697251508995542 -8.799904408767848
48.63971222606602 0.13123942700799596
57.54067603486208 -10.644419661221827
12.888933864560407 6.2551200068993555
10.527149283884079 9.098488673960349
34.19120417218622 3.0356393292478816
42.66124836955921 9.579289545016696
63.66289258383289 0.8626823833154655
35.85111582006676 5.0671206957679775
25.254295521070063 -9.953574260165288
6.140137561450771 11.443729294513178
54.762116691479505 -11.613476233316206
61.674254097593774 -4.669754314522585
61.86743438993198 -3.9034749828763218
15.4011198407825 -0.077190848373907
23.634714779876703 -11.226844650372362
28.071507966731453 -7.708714907821967
29.608332679965784 -4.3087457984866075
53.55523909790411 -7.220002889035667
21.80767098217747 -11.130984804101516
19.967517520902966 -6.980416820841993
48.438441108895624 -3.232920178216495
62.76161981100162 -2.6967867889913664
32.542284277212126 1.0295151101453475
50.356804197541024 -3.476863371055874
14.373481419821012 3.0858117315077176
61.38029121881861 -3.350319632474024
61.28474193579761 -2.411726887801983
48.47059023592173 1.29763879763948
43.584992286511344 9.210044500713966
27.62062224049901 -7.906948519369493
5.464363141251958 7.332754812522218
18.188924445099218 -6.405165170086656
47.751292034004166 0.9289376173199639
27.714680211100486 -9.553987957412545
8.270662101307593 10.036570040187284
32.33432286242867 -0.29590033890878076
34.740807809252416 4.639839359289714
26.41575800244337 -10.458814655563039
34.62496736625806 4.742764269373182
14.237843246349165 1.9494785284544114
50.50075307897742 -3.758109862022096
1.8896328173386436 2.7880319436922374
13.480601488342401 2.9086043600036247
43.3429918025653 7.78914927564414
6.5037945160729365 9.782174742324898
25.946902491326412 -9.988418989585455
0.04790500414343768 0.3842255012906337
37.177131576885195 8.577131150498005
21.332550472291366 -9.109401862283477
54.81234595281236 -10.991956219056853
5.696457725326887 9.272404395372808
45.999021589109574 2.7022959244270077
63.70226070351163 -0.1554686677448297
33.33969399990019 4.5230518962505455
30.329513349376185 -5.71417804646234
15.671968203773645 0.50746587846015
16.85383434415123 -2.3041855582016315
19.73801080785119 -6.268091051359607
24.701421729674166 -10.662546424547104
40.43560832888252 8.074817443470174
56.911993866815 -8.879578728980055
16.688344201359307 -4.880811416558796
33.81655426401501 3.013297793632713
43.05786631423568 6.743256661049394
62.040843513480475 -4.934689588290911
62.67957357727267 -2.673603377490723
15.485682310007547 1.5376004553350424
46.7927365306898 -0.8284147914803541
19.63976312553676 -7.727360581263658
0.863361384383829 -0.08694714606476506
44.67075072878919 5.713627444229997
46.514004426207556 1.4640511989817082
59.25099118148544 -8.871323490039565
49.03479825627375 -3.570372065278394
51.53401441917383 -7.7346404120585
6.051860080458084 9.064675270603129
36.09306088294374 8.779252461960812
42.05045424170207 8.3168292342219
40.58430645843068 11.611795680592373
25.910018029372992 -9.66912321091129
14.702043278195035 3.7671966041291194
18.278196995538764 -2.937427640375517
27.290749502002612 -8.431191506621822
56.434071198222725 -8.895935971789513
42.85237759264172 7.996603097076514
11.542952883906821 8.790196751679574
51.971772996795046 -3.8791841519962382
60.15266715367955 -7.1880658302510545
5.07091441764468 9.129470585827292
15.015989154240266 0.921566482037798
63.37591447321818 -0.9425091436298396
29.064559693244917 -3.5863388816421806
18.12273919813395 -1.8490066886588035
57.011032050493654 -9.47931762454946
28.46726852814303 -5.871038486041639
60.73099498792654 -3.91388391503669
61.66236449147449 -3.7787703971012965
43.77772302255088 7.29005863223136
30.865361281859578 -2.549434507235087
11.940643704189554 6.395829843446369
7.017175013436358 6.226318693672789
2.899044949137952 5.376018043376852
5.168815990702505 8.591366824635815
19.542145025853635 -4.849694424532077
13.847606443936463 4.38411855735484
47.771638412718495 0.40663208087197944
45.90180289008492 2.1488189114058196
11.238456529769302 6.311852080697212
62.08351898194291 -5.047713365855159
3.5216205324228227 5.922453711336921
17.40507096296365 -2.792020455505692
47.96849448905812 0.4558783749702344
30.441003969248918 -4.313530239318805
16.4677981308537 -2.004540576581722
43.010700584670694 6.103937276670016
39.099259723695106 12.589344095735644
17.970979041843044 -4.335751559863656
55.43972111788196 -7.177552597367548
19.950246897151715 -7.420051646496196
37.324461834762 8.934900057626868
48.43199315797484 -1.3451695238082906
57.305590056161584 -9.104414817817183
34.211274096595574 1.0528774198798185
20.08689995499286 -8.367223818865718
41.639107408834896 9.84520491269537
34.789794150669465 5.537897766460096
28.188778666316786 -3.8012316421172736
11.148049519912526 10.506099785879641
12.904847634459202 3.273535296030101
21.363012723170257 -7.665438991110286
0.6474960722660228 1.4206316391165636
45.6116498536595 6.552053482577932
28.154406717571142 -6.220071324610682
26.156692525208868 -8.20301424141455
55.601205895081236 -9.372820592934263
27.906428847101196 -8.003570800362782
31.701625758350353 -1.385840031727408
35.3817294647079 7.393172569139668
15.464450795115738 1.0908693997481311
21.862464951557023 -9.890615617646372
37.35425533816108 8.888090416749716
2.9680795327850333 4.435623046603515
5.623589138236852 8.926748383930768
63.10792636120359 -5.1719523939018535
48.51305542716034 -0.9074025071911528
22.741663512976032 -8.39336345426788
6.8361803418167995 10.035186681681648
61.14813814333032 -7.609548689706658
36.00575691297174 7.770070975877607
32.42302348407407 1.2204352548827662
26.847511773183214 -7.00873463723053
46.13442744297471 3.9833301482972816
5.114568761584941 7.8128734190852125
63.36900462235397 -1.082148533347412
62.36502907501165 -3.2703108993897176
62.67538877667108 -1.1643406030959753
31.202770390330194 -0.8765495187139589
24.69493862019179 -9.81209352532809
58.21779585870492 -10.154184448832568
26.020814099422722 -9.713106326240863
46.43271241149451 5.110749457354617
55.28724877900124 -10.07453043552787
45.20602018050817 3.5017866112976552
50.5444592616206 -3.7478529864883456
44.1644545267276 7.703427144372542
59.22225665375587 -9.42682236041692
40.9365924096142 12.40101928713415
19.657410406056698 -8.038461204052577
3.646085859317097 5.0273252228365
60.480423449022894 -4.591817014969205
37.01974570275978 7.271053593496056
16.342918134538287 0.4985216091171505
45.35576107645693 4.243318393880952
26.38133796679621 -9.579450490408496
22.49736442482739 -8.878353205420888
31.937915180564488 0.16583555063716912
51.95268551384505 -5.437631034077736
50.572133526401764 -3.221161526144773
61.61970090495433 -5.240436481213835
32.37316302551903 1.3769727929976256
25.054650769836847 -10.2453343438938
49.73683363612834 -1.9564547877282323
43.059323162486265 7.963488508682364
20.27209440124377 -5.6463518861153865
22.604336323609594 -12.212933154657122
46.527932705516186 6.850544285709307
32.966463448479445 0.8212234480469378
13.458370211968308 3.621028700566688
20.67483381247021 -8.980052265790107
49.73823541520806 -5.381387270040108
59.071247910001034 -8.82215457979927
53.42505631824505 -8.727643006548288
41.287771693273356 11.973888253908267
22.119819996583693 -10.674229958541085
2.6338199077484035 3.3213725945023036
31.473487920958384 -1.2265640236646906
38.465856874184446 9.144924843811847
40.20404167431653 6.564021524455481
2.8609788251254358 5.367862201914745
59.62568514886611 -9.574917167634037
33.253064045434705 -1.510773103491592
47.932512812492526 -3.1273200277846516
33.02716015533694 3.338087157957067
1.479469972334833 5.64628696901899
11.625603154607411 6.57322948583051
39.45172956333577 9.24007129657949
24.86848410118735 -10.70460638373125
11.195281654797853 8.258978270530722
48.539518373750546 3.3335824643694867
18.90274254891463 -2.598954125859973
32.065939812232926 2.242989599645537
19.588766184079766 -9.693064196797677
28.137335122149473 -7.82268580994344
50.898919232328716 -2.991304529763788
37.22789228803273 8.494909379443687
41.05364800479276 8.619156131264488
9.946736959420122 7.600320631690302
24.705811960686127 -10.531769887404302
56.16097687333266 -8.953175753993927
32.50394768892254 3.8908791742235795
45.08302849527248 7.772528528605113
9.009885306232938 12.286627543905515
61.56489731967474 -5.834870989201577
24.50344982204618 -10.507633602959762
32.527950395925295 0.0396737150528188
28.058183638422143 -9.87487801448759
15.798168711293684 -1.8458596915833692
19.892995465861247 -10.379921760839263
22.674411982690735 -11.31018641661657
3.269738419775152 5.756338728306638
20.100958845402047 -6.018713108179312
61.78994119704889 -3.7184883495779832
29.145144462994388 -6.608237709711734
43.77412851274579 8.854628400061461
55.88091985572477 -9.964062333619605
29.975609700079175 -3.2075870815408813
47.62816166464219 2.8146284247424695
57.17350118092831 -11.742776417803714
23.39795470977304 -6.771684110529791
21.664005445779694 -10.144313391445007
7.840777424759061 10.65063886734789
35.74771158114389 7.573489482594284
44.33309797359758 8.830553918036633
50.50964993193439 -4.2165522220629486
3.6662337057080236 7.843447964102683
35.694455827060835 6.50081994836022
35.3534247459291 4.830155937436018
43.31084113853647 7.255363864695804
21.545593149770674 -10.120107129600688
18.805196465821332 -6.138039441358211
1.0988326346866515 3.2692317820484993
22.076349885691315 -9.446948730859415
19.727802460522142 -8.361641137919992
10.35580867790388 6.831938253167712
21.2248122828901 -7.501068445657857
1.5101451712317342 4.820698290837949
60.40694930816648 -4.593430519293012
33.023199907595576 3.0378496329827476
59.89394575706299 -4.817748806135376
53.99015364093609 -7.278141684482956
25.405088000791245 -9.141768097293324
63.65803860901619 2.306693799459259
36.20868026423204 8.33854126296991
9.158437541682531 10.625651513557482
18.783718769749775 -5.211109797533075
11.879659227998246 6.678508771855444
16.656675648261142 -1.2930526539164184
17.574183363330363 -2.22076575987236
57.29302017690289 -8.392421420920462
7.901147535605581 9.141108903090721
53.37354160584304 -8.033808015899043
41.15521225420512 8.698164406764036
39.766428735106985 8.568087083351713
60.61364163211574 -7.14339190330613
57.500803899535185 -8.015817029198875
56.078972052738685 -11.61938396960334
9.18321631628693 8.194469904094355
54.895925213856955 -10.963799495872475
15.45782164999305 1.619191526813775
23.024727450392326 -10.983328593651663
19.268351794995475 -7.173922655826875
16.10283343201766 0.5913271887668404
62.43138767195228 -0.7965527898533695
18.464263913135255 -3.394157536750007
47.46205368343433 1.5912160424797084
19.261276571449848 -9.981505704124574
14.3835931915525 4.474988146325021
6.3044489911829515 8.897909379397673
20.49229396668401 -6.390123007788233
54.88670520450264 -10.159749809810366
52.437899125335896 -8.976969438241161
4.493782961487057 8.73037839088452
16.649630061145395 -4.7611115264419706
5.504302851029614 8.29900992562662
37.167486544578324 7.446828211418474
48.36156555251744 -1.1334944579972213
0.16327130216127728 0.3010684515441694
53.411655596428226 -9.22934383879876
43.3274386209811 7.057542339078888
13.322599960605295 4.4580799505811965
24.476536695992962 -11.033206994218908
56.86688423339707 -8.80387109521015
32.26623012725926 4.008050000665538
4.8954241022578415 9.664422455779214
44.81368768299361 3.9317898169579
35.218618997776545 4.803220105061065
49.68667424056902 -3.862925772564733
34.65948634911966 4.736004654337068
61.74329052005722 -6.13693632356442
1.9877716534225414 2.5885549140984416
15.366984511762169 2.2331404673269155
49.60810601697857 -3.5295493414876997
19.776305887807602 -7.982179808820618
28.907377286810714 -6.996225655330765
4.747478782548541 6.971101984568854
59.704081935610034 -8.35856729469219
18.53656261617126 -6.160839805730998
48.43629076024129 -0.24139133998685602
36.67505669421708 6.527125895437438
19.132799258566607 -5.134119754105605
47.31651685768275 0.3062704729189534
58.45368656067577 -9.115477284832963
53.88285411997681 -7.03694454871415
10.76519769037398 7.775973128357851
5.685018650274266 8.669677410265667
25.13530398819492 -9.932139576873274
5.310289309111802 8.654117943407448
62.383242628614084 -0.818743541556683
23.882306348123635 -7.963639967007385
14.978374800722733 4.020261074001767
58.880833281266305 -7.091008693358049
0.6318277804966073 -1.4359088435941483
42.27107328617489 10.178264387553641
25.794259292224766 -7.9826720925920345
47.73662481563531 1.2859985684796782
18.404307340744708 -1.1986867430581851
9.307095680051603 9.475480153706105
6.749164247419081 12.926815507153435
28.789739205246043 -7.7498401102564385
23.822045878369828 -9.825098160514159
12.405495560179673 7.105014073750382
28.497490660533693 -5.342933737247801
24.71512893334947 -13.625514118826523
50.046869879188385 -3.175759445101794
21.571975179545696 -6.724126860123516
51.29819270974164 -5.256427923585401
42.02740489878143 10.737550503007105
53.837212075095835 -9.565430923161138
33.05503980574464 3.0365193370376735
35.19022791687779 4.840749208880914
21.40790836915273 -8.151424059370264
14.877102492506062 -0.5128211685575623
61.107089579107715 -5.372243705295901
7.925077521950364 9.541946186043216
34.62882173145733 5.839066173343841
30.37387037872115 -0.9669342024253096
60.15976357374331 -7.829453499186701
32.72031233472074 1.0822439125340078
62.44387588052818 -3.2819234852480466
54.75293187665996 -8.838843240481069
56.656395155132785 -9.229717741747914
40.741333378095995 9.962359606718879
25.77933349284038 -9.239171870857595
45.75880250101798 2.472417813226064
12.55983638479821 5.405824536917228
29.94226358708938 -4.79362667022741
17.107801818151287 -1.7680958974894319
8.581854410278304 9.42980286577502
